4,3,355~4,3,356
6,7,83~6,9,83
5,0,118~5,2,118
3,3,327~6,3,327
5,3,126~5,6,126
0,7,91~2,7,91
6,6,24~6,8,24
6,9,195~8,9,195
5,3,348~7,3,348
1,2,227~1,4,227
1,5,144~1,5,147
9,3,76~9,5,76
1,6,115~1,8,115
3,5,59~3,8,59
2,0,143~3,0,143
7,2,170~9,2,170
5,2,232~5,4,232
0,1,227~1,1,227
4,9,27~5,9,27
7,4,42~7,6,42
1,0,55~1,3,55
3,1,360~3,3,360
7,5,249~9,5,249
0,9,345~2,9,345
2,2,153~4,2,153
8,1,298~9,1,298
8,1,109~9,1,109
7,1,33~9,1,33
3,3,102~4,3,102
3,1,57~3,3,57
2,3,189~4,3,189
0,7,96~2,7,96
2,0,189~2,1,189
2,0,73~2,3,73
8,7,176~8,8,176
8,1,113~8,1,115
7,9,154~9,9,154
6,5,344~6,8,344
1,4,246~1,5,246
7,2,5~7,4,5
4,3,173~6,3,173
0,7,272~0,9,272
0,1,157~0,4,157
0,1,49~2,1,49
2,1,262~2,2,262
0,1,118~3,1,118
2,3,221~5,3,221
6,9,81~8,9,81
5,1,69~7,1,69
6,4,152~6,7,152
3,5,64~3,5,66
6,0,166~9,0,166
3,8,186~6,8,186
2,7,55~5,7,55
0,4,237~0,4,239
3,4,137~3,6,137
1,6,229~1,9,229
4,6,146~6,6,146
4,8,333~7,8,333
6,8,116~8,8,116
6,8,234~8,8,234
8,5,255~8,5,257
1,4,255~3,4,255
1,2,353~1,6,353
4,2,332~4,3,332
7,8,120~9,8,120
6,2,77~6,2,79
1,3,124~3,3,124
1,6,260~3,6,260
6,2,173~8,2,173
2,0,363~4,0,363
9,1,151~9,3,151
9,5,213~9,6,213
0,0,341~0,3,341
4,7,26~5,7,26
2,3,342~2,5,342
4,2,43~4,4,43
2,6,68~5,6,68
7,8,186~8,8,186
4,0,148~4,0,150
0,2,113~2,2,113
2,3,293~3,3,293
7,3,36~7,5,36
3,1,300~3,3,300
1,1,44~1,4,44
3,1,354~4,1,354
0,9,270~1,9,270
9,5,345~9,5,346
4,0,367~4,1,367
6,1,180~8,1,180
9,1,231~9,3,231
5,0,36~5,2,36
1,1,217~3,1,217
0,5,336~2,5,336
1,9,268~3,9,268
0,5,136~0,5,139
3,4,202~4,4,202
9,3,288~9,6,288
5,1,143~5,1,146
8,1,69~8,4,69
5,2,98~5,5,98
0,4,194~1,4,194
1,2,191~1,2,193
3,0,23~3,2,23
1,4,307~5,4,307
8,1,354~8,4,354
7,4,199~9,4,199
4,1,190~4,2,190
5,8,284~8,8,284
0,4,134~3,4,134
9,9,211~9,9,213
3,1,255~4,1,255
1,4,242~4,4,242
3,1,212~3,1,214
0,1,9~0,1,10
1,6,354~1,6,357
1,2,4~3,2,4
2,6,25~2,8,25
7,5,15~9,5,15
0,5,40~0,5,41
3,1,250~5,1,250
7,1,60~7,3,60
3,2,148~3,2,152
3,1,287~5,1,287
6,8,278~8,8,278
1,5,262~1,7,262
8,6,198~8,8,198
5,2,55~5,2,55
4,1,294~4,3,294
7,7,218~7,8,218
2,9,199~6,9,199
0,2,283~2,2,283
4,9,270~6,9,270
2,5,275~2,7,275
9,6,27~9,8,27
9,6,348~9,8,348
0,4,342~0,6,342
3,1,141~5,1,141
5,2,101~5,2,102
4,4,102~4,7,102
7,3,298~7,4,298
1,8,31~3,8,31
2,1,349~4,1,349
9,1,32~9,4,32
5,0,231~5,3,231
5,8,304~8,8,304
1,4,28~3,4,28
9,0,243~9,3,243
2,2,26~2,2,29
4,3,206~7,3,206
5,5,96~7,5,96
3,1,50~6,1,50
5,1,181~5,2,181
1,7,80~1,9,80
7,2,269~7,4,269
3,2,184~4,2,184
5,0,236~8,0,236
3,1,352~3,3,352
7,5,108~7,5,108
8,2,277~8,5,277
2,5,16~5,5,16
8,5,84~8,5,86
4,8,141~4,8,143
9,9,278~9,9,281
1,5,248~1,5,248
6,0,62~6,1,62
8,6,73~8,8,73
7,3,345~7,5,345
0,2,189~2,2,189
6,4,132~8,4,132
3,5,202~4,5,202
6,8,202~6,8,205
6,7,122~7,7,122
2,2,160~2,3,160
0,9,135~2,9,135
6,5,2~8,5,2
6,9,19~7,9,19
2,1,9~5,1,9
7,5,81~9,5,81
5,0,53~5,2,53
2,7,342~2,9,342
0,6,13~2,6,13
5,4,94~5,5,94
5,6,111~5,6,111
2,4,189~3,4,189
7,5,76~7,7,76
5,7,238~5,9,238
6,0,330~8,0,330
6,7,283~6,9,283
3,3,337~6,3,337
3,6,247~4,6,247
7,5,228~7,8,228
3,0,139~3,3,139
6,8,123~9,8,123
1,4,275~1,6,275
3,8,70~4,8,70
1,8,339~4,8,339
8,2,19~8,4,19
5,1,34~5,4,34
3,3,142~3,5,142
1,5,335~3,5,335
8,0,181~9,0,181
6,3,278~6,6,278
5,9,7~7,9,7
3,3,275~3,5,275
1,6,141~2,6,141
2,0,360~4,0,360
1,2,112~4,2,112
2,2,239~2,4,239
7,6,64~7,6,66
6,0,27~8,0,27
1,3,202~2,3,202
4,4,253~7,4,253
5,4,134~6,4,134
0,4,310~1,4,310
2,4,362~2,7,362
3,6,44~3,8,44
9,0,274~9,1,274
6,4,73~6,6,73
6,7,347~9,7,347
3,4,208~3,6,208
5,3,49~8,3,49
6,4,54~7,4,54
1,1,257~1,4,257
1,2,72~3,2,72
1,6,329~4,6,329
0,5,296~0,7,296
7,8,268~7,8,270
7,7,279~8,7,279
1,5,342~1,7,342
2,4,171~2,4,173
7,0,273~9,0,273
4,4,76~4,6,76
7,0,62~7,2,62
0,7,42~2,7,42
9,2,88~9,3,88
2,7,51~4,7,51
6,6,1~7,6,1
1,1,61~1,1,63
6,0,242~6,2,242
4,4,71~4,4,73
2,9,69~4,9,69
3,0,286~5,0,286
3,0,216~3,2,216
6,1,239~6,3,239
2,6,81~2,8,81
4,8,229~6,8,229
0,2,337~3,2,337
1,2,175~4,2,175
0,1,53~3,1,53
6,7,79~6,9,79
9,4,256~9,4,256
7,3,44~9,3,44
1,0,109~1,1,109
0,6,126~2,6,126
3,4,221~3,5,221
2,1,102~4,1,102
6,1,299~6,3,299
8,2,74~8,4,74
7,6,336~7,8,336
6,3,79~6,3,81
6,1,146~6,4,146
4,9,176~4,9,178
7,8,24~7,9,24
6,2,9~6,4,9
7,4,143~8,4,143
6,5,234~7,5,234
2,4,89~2,6,89
4,4,314~4,5,314
1,1,186~3,1,186
4,7,349~4,7,351
2,1,99~2,4,99
0,2,181~3,2,181
9,6,108~9,8,108
8,6,256~8,6,259
3,2,244~3,4,244
6,9,8~6,9,10
9,1,148~9,2,148
7,2,133~7,4,133
6,3,330~8,3,330
1,2,269~1,5,269
3,0,42~3,0,43
0,6,285~0,9,285
1,9,32~3,9,32
4,4,29~4,5,29
3,2,110~3,3,110
4,0,13~7,0,13
4,4,299~6,4,299
8,8,74~8,8,75
6,1,83~6,3,83
0,5,67~0,5,67
6,2,45~6,4,45
8,0,22~8,3,22
3,4,107~3,5,107
7,7,311~9,7,311
2,1,5~2,3,5
5,1,286~5,3,286
7,4,29~9,4,29
8,6,66~8,6,66
1,6,225~1,9,225
3,8,47~6,8,47
1,6,39~1,8,39
0,3,141~0,5,141
1,4,45~1,5,45
7,9,260~9,9,260
2,3,313~2,4,313
6,1,63~6,3,63
5,5,175~5,8,175
3,3,204~3,4,204
2,1,183~4,1,183
1,7,2~1,7,5
3,0,256~3,1,256
6,5,281~6,7,281
1,7,227~3,7,227
2,5,359~4,5,359
0,9,131~3,9,131
3,2,165~5,2,165
8,2,180~8,3,180
7,7,11~7,9,11
5,5,184~5,7,184
3,6,21~5,6,21
0,0,268~2,0,268
4,3,64~4,5,64
2,7,282~2,9,282
1,5,48~1,6,48
7,2,140~7,2,142
9,0,62~9,3,62
1,0,226~1,2,226
3,8,76~5,8,76
3,6,359~3,6,360
5,8,3~8,8,3
0,4,232~0,7,232
1,8,258~2,8,258
4,1,55~6,1,55
2,6,101~3,6,101
2,6,278~2,6,280
1,5,204~1,5,206
5,4,86~5,7,86
2,2,133~2,5,133
3,1,114~3,4,114
9,9,112~9,9,113
5,7,321~5,9,321
2,5,72~5,5,72
1,8,42~1,8,43
3,6,273~4,6,273
8,1,26~8,3,26
6,6,200~6,8,200
2,6,267~2,6,269
9,6,64~9,9,64
7,1,331~7,4,331
0,7,274~1,7,274
4,4,176~6,4,176
2,9,279~4,9,279
0,5,186~2,5,186
6,2,241~7,2,241
7,0,11~7,2,11
3,8,132~5,8,132
4,7,111~4,8,111
5,2,8~7,2,8
4,1,100~4,2,100
5,2,77~5,4,77
1,1,209~4,1,209
1,6,28~1,8,28
0,0,292~0,1,292
2,2,351~2,3,351
5,4,245~5,5,245
4,3,285~4,3,285
2,6,7~2,8,7
6,4,336~8,4,336
5,2,180~5,4,180
4,7,305~6,7,305
4,5,57~7,5,57
4,3,298~4,5,298
1,6,63~1,7,63
2,4,202~2,6,202
8,0,24~8,2,24
9,0,301~9,2,301
0,2,184~0,2,187
0,2,340~0,4,340
6,1,145~8,1,145
7,0,295~7,2,295
0,1,289~0,3,289
3,2,266~3,3,266
6,0,333~7,0,333
4,2,68~4,4,68
4,6,79~4,6,81
4,8,228~6,8,228
4,7,134~4,8,134
0,0,290~0,3,290
3,4,94~3,7,94
1,4,11~1,6,11
3,6,294~3,9,294
6,6,242~6,8,242
5,9,182~7,9,182
7,1,225~9,1,225
0,5,38~0,8,38
0,0,77~0,2,77
7,0,114~9,0,114
0,1,59~1,1,59
8,2,90~9,2,90
7,6,187~7,7,187
1,4,191~1,6,191
9,6,104~9,6,105
4,0,63~6,0,63
9,5,133~9,6,133
7,4,53~8,4,53
7,4,203~7,6,203
7,5,276~7,7,276
9,4,147~9,5,147
8,7,292~9,7,292
2,0,219~2,3,219
9,1,174~9,2,174
8,3,141~8,5,141
6,1,38~9,1,38
2,8,263~2,9,263
9,3,69~9,5,69
1,4,224~4,4,224
2,9,71~4,9,71
0,4,142~0,5,142
8,2,23~8,4,23
5,3,137~7,3,137
3,4,175~3,5,175
2,7,67~2,9,67
4,6,130~4,8,130
5,2,310~5,4,310
7,1,336~7,3,336
3,1,272~3,1,274
3,0,71~3,1,71
2,5,69~4,5,69
2,5,208~2,7,208
5,6,207~8,6,207
8,1,56~8,2,56
0,3,1~0,6,1
4,0,168~6,0,168
6,2,326~7,2,326
8,5,128~8,7,128
4,3,140~6,3,140
4,4,268~4,6,268
2,8,49~3,8,49
5,1,10~6,1,10
7,1,339~8,1,339
1,4,10~1,6,10
7,3,218~7,5,218
5,6,169~6,6,169
1,6,117~3,6,117
6,4,240~6,7,240
5,1,106~8,1,106
5,4,33~6,4,33
9,6,68~9,9,68
9,3,190~9,5,190
1,8,29~1,9,29
3,8,225~6,8,225
5,0,326~5,1,326
0,4,294~0,4,296
5,0,150~5,1,150
9,5,149~9,6,149
1,2,3~3,2,3
1,2,355~1,4,355
1,2,160~1,2,160
7,5,23~7,8,23
6,7,193~6,9,193
1,4,198~1,6,198
1,7,93~2,7,93
5,9,152~8,9,152
5,7,173~8,7,173
4,7,206~7,7,206
7,4,232~7,6,232
2,3,20~4,3,20
2,4,199~5,4,199
2,4,4~2,6,4
8,2,175~8,2,176
9,2,304~9,5,304
2,0,16~4,0,16
9,7,33~9,9,33
4,8,190~6,8,190
2,9,100~4,9,100
6,7,259~6,8,259
1,6,46~4,6,46
6,5,341~9,5,341
5,0,123~5,2,123
4,6,346~4,8,346
6,2,161~6,4,161
7,4,34~9,4,34
1,5,364~3,5,364
8,2,248~8,2,250
0,3,162~0,5,162
0,2,309~2,2,309
5,5,148~5,7,148
2,1,104~5,1,104
3,0,262~3,2,262
0,8,346~0,9,346
2,2,119~2,2,121
4,1,268~4,3,268
6,3,12~6,5,12
7,4,301~7,7,301
7,4,200~7,8,200
0,5,192~1,5,192
3,0,357~3,2,357
8,7,54~8,9,54
8,0,179~8,1,179
4,4,179~6,4,179
6,7,194~7,7,194
0,3,305~1,3,305
3,1,173~3,4,173
3,6,190~3,6,192
8,1,173~8,1,176
4,1,210~4,2,210
2,5,164~2,7,164
8,1,327~8,4,327
4,0,169~4,0,170
2,9,267~4,9,267
6,0,273~6,3,273
9,3,83~9,5,83
6,9,16~8,9,16
9,3,261~9,6,261
5,3,125~5,5,125
7,5,285~9,5,285
9,3,177~9,7,177
2,7,166~4,7,166
8,6,103~9,6,103
7,4,122~8,4,122
5,4,32~7,4,32
8,0,150~8,3,150
1,2,99~1,4,99
8,1,270~8,1,272
4,4,127~4,5,127
8,7,150~9,7,150
6,8,257~9,8,257
5,6,27~8,6,27
1,5,90~1,7,90
2,0,65~5,0,65
2,7,33~2,8,33
7,3,335~7,5,335
2,3,115~2,4,115
7,5,169~7,7,169
3,6,106~3,9,106
1,3,27~1,3,30
7,7,24~9,7,24
3,7,108~5,7,108
4,4,235~5,4,235
7,8,147~9,8,147
2,4,237~4,4,237
4,5,222~6,5,222
1,3,195~1,5,195
4,6,84~4,6,86
0,2,137~1,2,137
9,0,59~9,3,59
9,4,262~9,4,262
8,3,91~9,3,91
7,5,99~9,5,99
2,0,284~4,0,284
1,8,260~2,8,260
1,6,175~3,6,175
0,1,3~3,1,3
7,4,30~7,4,30
0,2,197~0,2,199
4,1,187~4,3,187
7,1,284~7,4,284
6,6,17~7,6,17
3,1,289~3,2,289
0,6,272~2,6,272
2,6,65~2,7,65
7,3,14~7,5,14
2,3,222~2,3,224
7,9,27~9,9,27
6,2,237~8,2,237
2,6,50~5,6,50
3,6,196~3,6,197
2,3,179~2,5,179
6,2,209~6,4,209
4,3,247~4,5,247
5,6,70~6,6,70
4,0,254~4,2,254
2,0,282~2,2,282
5,9,327~8,9,327
3,4,77~4,4,77
0,1,258~3,1,258
6,2,287~8,2,287
8,3,64~8,6,64
7,3,78~8,3,78
7,7,302~7,8,302
7,6,233~7,6,235
4,4,362~4,6,362
5,2,244~5,4,244
4,6,173~4,9,173
1,3,92~1,6,92
5,5,338~7,5,338
3,8,264~5,8,264
4,6,345~7,6,345
0,0,270~0,3,270
2,0,267~4,0,267
1,8,45~1,9,45
0,7,126~0,7,129
6,8,148~9,8,148
1,1,224~1,3,224
6,5,76~6,7,76
0,5,43~0,5,45
3,7,96~4,7,96
3,5,4~5,5,4
1,7,78~2,7,78
8,2,242~8,2,244
5,1,294~5,1,294
2,6,84~3,6,84
0,6,133~2,6,133
5,3,321~5,6,321
4,1,259~5,1,259
0,5,135~2,5,135
6,7,51~6,7,51
4,4,248~4,7,248
8,4,288~8,6,288
2,2,200~2,4,200
6,1,334~8,1,334
2,4,252~2,4,254
0,7,88~2,7,88
6,8,68~8,8,68
4,5,187~5,5,187
1,4,332~1,7,332
7,1,147~9,1,147
6,0,292~7,0,292
8,8,240~8,9,240
0,3,293~0,6,293
4,3,295~7,3,295
0,9,5~0,9,7
2,7,69~2,7,70
5,8,189~5,9,189
4,6,25~4,9,25
1,6,296~3,6,296
5,2,325~8,2,325
1,3,260~1,5,260
0,3,39~0,5,39
4,2,80~4,4,80
4,6,117~4,6,119
4,5,146~7,5,146
3,4,205~3,7,205
8,4,200~8,4,200
6,3,103~6,6,103
1,9,304~2,9,304
1,5,354~3,5,354
5,1,328~5,1,330
6,6,346~8,6,346
7,8,22~9,8,22
7,2,154~8,2,154
6,0,109~6,2,109
6,3,142~6,7,142
7,2,338~7,2,338
6,2,235~8,2,235
1,2,145~4,2,145
7,2,145~7,2,147
5,8,8~7,8,8
6,1,142~8,1,142
5,1,68~5,4,68
3,1,116~5,1,116
5,9,84~7,9,84
6,3,42~9,3,42
4,7,121~6,7,121
0,9,128~2,9,128
0,9,132~2,9,132
5,4,35~5,5,35
8,2,246~8,5,246
3,1,48~4,1,48
9,7,69~9,7,69
8,3,252~8,5,252
2,0,280~4,0,280
2,5,223~2,7,223
6,7,8~8,7,8
4,7,192~4,9,192
6,4,40~9,4,40
6,2,165~8,2,165
8,8,309~8,9,309
4,5,54~4,9,54
6,6,252~7,6,252
3,1,298~3,3,298
6,4,175~8,4,175
4,6,62~4,7,62
0,8,126~0,9,126
1,8,184~3,8,184
2,2,335~4,2,335
3,6,123~3,8,123
3,6,324~6,6,324
1,3,19~2,3,19
5,9,50~6,9,50
3,3,250~5,3,250
8,1,112~9,1,112
4,7,304~4,8,304
8,1,31~8,3,31
5,2,72~5,2,75
3,3,291~3,6,291
4,6,104~4,8,104
1,4,184~3,4,184
2,4,110~2,4,114
4,4,133~4,7,133
0,7,123~0,8,123
5,4,267~5,5,267
6,9,137~6,9,137
5,1,353~5,2,353
4,0,6~4,2,6
4,3,343~4,5,343
0,7,41~3,7,41
9,2,242~9,4,242
8,5,258~9,5,258
6,7,88~6,9,88
4,6,358~4,9,358
4,3,55~4,5,55
3,0,248~3,2,248
6,3,356~9,3,356
3,2,353~3,4,353
1,3,95~1,5,95
6,5,210~6,8,210
7,9,33~7,9,33
5,2,233~6,2,233
0,3,345~2,3,345
2,5,145~3,5,145
1,6,127~1,6,129
5,4,268~5,4,269
2,4,90~3,4,90
4,1,231~4,2,231
5,8,115~7,8,115
1,4,142~1,6,142
1,0,102~4,0,102
1,9,285~2,9,285
7,9,151~9,9,151
9,6,2~9,9,2
4,1,346~4,4,346
6,3,76~8,3,76
1,6,222~3,6,222
2,1,303~4,1,303
6,8,118~9,8,118
6,2,291~9,2,291
6,0,372~6,0,375
6,1,29~8,1,29
6,8,305~9,8,305
5,5,45~8,5,45
6,0,367~6,0,369
2,5,206~2,5,206
0,5,48~0,7,48
6,7,351~7,7,351
7,0,233~7,2,233
0,0,161~3,0,161
1,6,250~4,6,250
5,2,39~5,2,42
6,8,18~7,8,18
4,5,1~4,7,1
7,4,225~9,4,225
6,1,269~9,1,269
3,4,66~5,4,66
4,4,302~4,4,305
2,0,251~4,0,251
6,1,275~8,1,275
5,4,76~5,7,76
0,4,66~0,6,66
1,3,244~1,5,244
5,9,86~5,9,87
5,2,351~7,2,351
1,0,41~3,0,41
3,3,39~6,3,39
5,6,325~8,6,325
3,6,118~3,8,118
3,0,13~3,2,13
5,5,185~5,6,185
4,7,220~4,9,220
2,6,15~2,6,17
0,3,300~1,3,300
1,1,292~1,2,292
5,3,335~5,5,335
8,5,100~8,8,100
9,6,203~9,8,203
4,3,322~7,3,322
3,2,297~7,2,297
4,4,167~4,7,167
1,0,221~1,2,221
6,3,230~9,3,230
5,2,201~5,4,201
1,6,264~3,6,264
8,0,290~8,2,290
2,2,344~2,4,344
8,1,7~8,3,7
1,2,49~1,3,49
6,1,165~7,1,165
3,4,110~4,4,110
2,5,130~2,7,130
7,6,180~7,8,180
6,5,107~7,5,107
6,6,357~6,7,357
3,7,58~3,8,58
2,7,73~4,7,73
1,4,107~1,7,107
6,0,28~9,0,28
5,8,280~8,8,280
4,0,237~4,2,237
9,7,275~9,9,275
7,6,210~7,9,210
9,2,344~9,4,344
8,2,58~8,3,58
4,5,262~6,5,262
0,5,8~0,7,8
9,0,87~9,2,87
4,8,195~6,8,195
4,0,3~7,0,3
0,4,230~1,4,230
0,1,188~2,1,188
4,9,108~4,9,108
0,9,302~2,9,302
0,4,49~0,6,49
7,4,255~9,4,255
2,1,180~3,1,180
5,7,112~5,9,112
5,0,365~8,0,365
0,2,156~2,2,156
0,6,173~3,6,173
4,0,40~4,0,41
5,9,55~8,9,55
5,7,214~7,7,214
6,3,106~6,6,106
5,5,219~6,5,219
5,4,241~5,6,241
9,3,6~9,5,6
3,3,265~5,3,265
8,5,39~8,6,39
3,9,33~4,9,33
0,2,101~3,2,101
1,8,263~1,9,263
2,5,272~5,5,272
4,5,330~4,8,330
1,4,183~4,4,183
6,6,348~6,9,348
4,4,245~4,6,245
9,4,227~9,4,229
6,5,127~9,5,127
2,5,167~2,7,167
4,1,228~7,1,228
4,0,99~4,3,99
6,3,241~6,3,243
1,7,118~1,7,119
2,0,19~5,0,19
6,8,13~8,8,13
4,3,145~4,6,145
0,0,160~1,0,160
1,1,106~3,1,106
8,4,349~8,6,349
3,9,1~7,9,1
0,5,203~2,5,203
0,5,208~0,6,208
4,5,60~6,5,60
0,8,36~3,8,36
6,2,145~6,5,145
0,0,2~1,0,2
3,0,68~3,4,68
4,2,176~4,2,176
3,6,263~3,8,263
2,3,163~2,6,163
6,9,60~6,9,63
4,6,57~7,6,57
2,4,357~2,8,357
5,2,281~7,2,281
2,5,17~3,5,17
4,6,319~6,6,319
5,5,109~5,7,109
7,8,225~8,8,225
9,9,5~9,9,5
0,0,144~0,0,146
8,7,146~8,8,146
2,2,114~2,2,116
1,4,182~3,4,182
0,9,3~0,9,3
1,4,249~3,4,249
9,3,196~9,6,196
8,8,200~9,8,200
3,5,357~3,8,357
8,1,48~8,4,48
3,5,199~3,7,199
2,3,265~2,4,265
3,7,119~5,7,119
9,3,358~9,5,358
0,4,347~0,4,349
7,6,15~7,9,15
6,8,66~8,8,66
5,1,274~8,1,274
1,5,25~1,8,25
2,6,86~2,8,86
1,5,339~1,6,339
7,6,230~7,7,230
4,7,319~6,7,319
4,4,273~6,4,273
1,7,105~4,7,105
7,7,339~9,7,339
3,7,201~5,7,201
5,8,9~7,8,9
0,0,26~1,0,26
3,2,269~3,4,269
5,5,339~7,5,339
5,2,122~7,2,122
2,1,157~2,4,157
9,6,109~9,9,109
2,4,244~2,4,244
4,2,181~4,5,181
3,6,170~3,8,170
8,7,129~8,7,131
3,3,171~4,3,171
7,4,168~7,6,168
6,4,266~8,4,266
4,8,21~8,8,21
3,1,263~3,3,263
1,2,60~3,2,60
7,8,274~7,9,274
1,6,124~1,9,124
3,2,158~6,2,158
8,2,269~8,4,269
2,9,11~3,9,11
0,2,22~3,2,22
6,2,340~7,2,340
1,9,359~4,9,359
4,4,252~4,6,252
4,3,103~4,3,106
6,1,337~6,2,337
4,7,203~7,7,203
3,4,258~3,7,258
2,7,188~2,7,188
2,0,177~2,3,177
5,9,273~6,9,273
6,5,135~6,7,135
2,0,144~3,0,144
9,3,343~9,5,343
2,2,263~2,6,263
9,7,189~9,7,191
9,1,303~9,2,303
4,5,27~7,5,27
5,4,108~7,4,108
5,7,274~5,9,274
3,4,22~3,5,22
2,9,184~2,9,184
7,5,190~8,5,190
6,3,126~8,3,126
9,2,152~9,3,152
4,2,347~6,2,347
0,1,201~0,2,201
3,9,34~5,9,34
3,2,111~3,4,111
0,3,143~0,6,143
0,5,64~0,7,64
4,7,223~6,7,223
9,7,4~9,8,4
6,6,225~6,7,225
6,5,25~8,5,25
9,0,293~9,2,293
8,2,52~8,4,52
0,9,301~3,9,301
7,1,181~7,2,181
4,6,147~5,6,147
1,2,31~1,3,31
2,0,222~2,2,222
1,4,1~2,4,1
5,4,101~7,4,101
6,5,215~8,5,215
4,1,57~6,1,57
9,0,169~9,0,169
6,2,16~6,4,16
7,5,251~7,7,251
8,4,251~8,7,251
1,3,348~1,5,348
2,5,104~4,5,104
4,4,316~4,4,316
0,5,300~0,7,300
2,6,174~2,8,174
2,5,256~2,8,256
4,5,110~4,7,110
7,3,205~7,6,205
9,7,179~9,7,180
7,6,91~7,8,91
8,4,36~8,6,36
9,5,65~9,9,65
0,2,135~2,2,135
4,0,147~7,0,147
6,7,262~9,7,262
4,1,41~4,4,41
4,8,109~4,8,109
0,9,136~0,9,137
0,1,306~0,3,306
6,2,217~6,5,217
6,3,133~6,6,133
5,6,87~8,6,87
3,5,194~3,6,194
3,4,266~3,6,266
7,2,204~9,2,204
9,5,181~9,7,181
7,8,69~7,8,70
6,0,61~6,1,61
4,2,280~6,2,280
0,2,291~0,3,291
8,3,286~8,5,286
6,5,290~8,5,290
7,7,232~9,7,232
0,3,139~2,3,139
1,2,109~1,4,109
1,3,339~3,3,339
7,7,61~9,7,61
6,3,164~6,3,167
5,2,78~5,3,78
6,8,94~7,8,94
0,4,108~2,4,108
8,3,203~8,4,203
7,2,220~7,4,220
7,4,81~7,4,83
1,5,247~1,7,247
7,5,220~7,6,220
6,7,49~6,9,49
5,8,271~7,8,271
4,5,182~6,5,182
3,9,229~4,9,229
9,3,145~9,6,145
9,2,33~9,2,34
1,9,182~3,9,182
8,5,217~8,5,219
6,4,335~6,4,335
5,6,82~8,6,82
3,4,168~3,7,168
7,5,206~7,5,209
1,1,291~1,2,291
3,1,362~3,3,362
2,4,311~5,4,311
1,6,200~1,9,200
9,1,37~9,4,37
2,0,279~2,1,279
0,0,76~3,0,76
7,7,183~8,7,183
8,2,352~8,4,352
3,4,260~6,4,260
6,8,90~8,8,90
9,1,346~9,3,346
5,7,235~5,8,235
2,9,296~5,9,296
1,3,41~3,3,41
3,2,141~3,2,143
5,2,245~5,2,247
6,6,276~6,9,276
3,2,197~3,5,197
5,0,316~5,2,316
7,0,144~7,2,144
2,4,270~2,6,270
8,7,314~8,9,314
6,0,139~6,3,139
7,7,254~7,9,254
0,3,168~3,3,168
4,6,221~4,7,221
4,1,240~5,1,240
5,6,135~5,9,135
6,8,346~9,8,346
7,1,120~7,4,120
6,9,99~8,9,99
2,1,285~2,1,286
0,3,136~3,3,136
8,7,57~9,7,57
1,1,288~1,1,288
9,0,90~9,0,92
6,8,51~8,8,51
0,0,194~0,3,194
7,2,135~7,4,135
0,7,283~2,7,283
4,6,189~4,9,189
9,4,193~9,6,193
4,7,114~4,7,115
9,6,204~9,8,204
6,7,29~9,7,29
2,4,210~3,4,210
7,0,270~7,2,270
6,4,130~6,5,130
0,0,293~2,0,293
2,7,345~3,7,345
5,1,78~8,1,78
2,1,210~2,1,210
3,3,56~4,3,56
4,8,72~6,8,72
3,0,38~7,0,38
9,2,70~9,4,70
3,2,301~4,2,301
5,2,314~5,5,314
6,1,32~6,3,32
7,7,350~8,7,350
1,9,276~4,9,276
5,4,103~5,6,103
8,1,201~8,4,201
1,5,337~3,5,337
3,6,274~3,9,274
4,4,7~8,4,7
3,2,340~5,2,340
7,0,79~7,3,79
4,9,26~5,9,26
3,8,227~3,9,227
4,6,255~4,7,255
8,2,351~8,4,351
8,1,277~8,1,279
1,4,267~1,6,267
8,0,227~8,3,227
6,3,274~7,3,274
8,4,170~8,6,170
3,4,61~3,6,61
1,5,182~3,5,182
0,2,182~0,4,182
1,0,218~5,0,218
0,4,201~1,4,201
0,7,185~2,7,185
5,4,332~7,4,332
1,3,117~3,3,117
7,2,35~9,2,35
0,4,170~3,4,170
4,3,282~5,3,282
6,7,96~6,9,96
5,5,13~7,5,13
1,4,27~1,5,27
2,6,326~4,6,326
2,3,199~4,3,199
7,4,3~9,4,3
3,6,270~3,7,270
5,1,271~5,4,271
5,5,346~5,5,349
4,7,212~6,7,212
6,6,151~6,8,151
8,6,179~8,8,179
1,2,14~1,4,14
1,6,121~3,6,121
1,8,89~3,8,89
2,1,271~4,1,271
9,0,227~9,2,227
0,4,242~0,5,242
8,6,221~8,7,221
6,2,14~6,4,14
6,1,59~8,1,59
4,2,262~4,4,262
1,1,56~3,1,56
5,6,354~8,6,354
6,6,61~8,6,61
4,4,115~4,6,115
6,1,357~9,1,357
0,0,141~3,0,141
5,2,168~5,4,168
5,0,182~5,2,182
3,4,128~3,6,128
4,6,112~4,6,114
1,0,105~1,0,107
4,8,197~8,8,197
5,5,172~5,8,172
9,5,130~9,7,130
2,3,290~5,3,290
3,2,284~5,2,284
6,0,31~9,0,31
6,0,72~6,2,72
1,7,23~4,7,23
8,5,253~8,8,253
6,4,302~6,6,302
6,0,25~8,0,25
7,6,3~9,6,3
0,3,104~3,3,104
5,3,70~8,3,70
0,3,164~1,3,164
6,5,237~9,5,237
9,8,73~9,8,76
9,7,67~9,9,67
4,8,219~7,8,219
2,1,166~2,4,166
6,2,117~7,2,117
2,9,256~3,9,256
2,1,48~2,2,48
1,8,127~4,8,127
9,0,295~9,1,295
7,5,184~9,5,184
6,0,163~6,2,163
7,9,219~8,9,219
7,3,66~9,3,66
3,2,69~3,3,69
6,3,123~6,5,123
3,3,143~5,3,143
6,0,171~6,0,172
8,5,26~8,7,26
9,9,71~9,9,73
3,0,164~3,2,164
0,8,188~2,8,188
7,0,137~7,2,137
5,5,320~6,5,320
1,4,137~1,5,137
9,5,199~9,5,201
1,8,137~3,8,137
7,9,31~9,9,31
5,4,13~8,4,13
0,1,6~0,4,6
9,7,183~9,7,186
9,4,102~9,7,102
5,4,317~5,7,317
8,3,173~8,6,173
9,3,9~9,5,9
5,1,43~8,1,43
5,8,28~7,8,28
9,7,70~9,8,70
5,4,19~5,7,19
9,8,205~9,8,207
5,1,153~7,1,153
4,9,136~7,9,136
3,8,10~5,8,10
0,5,235~0,5,237
1,2,302~1,3,302
8,1,167~8,3,167
7,7,216~7,9,216
0,3,298~0,5,298
1,6,337~1,9,337
1,7,110~1,7,112
6,0,56~9,0,56
1,9,299~3,9,299
1,5,114~1,8,114
2,8,307~4,8,307
5,5,84~7,5,84
2,7,264~2,9,264
1,2,15~1,4,15
7,3,178~9,3,178
3,7,97~3,9,97
3,6,211~3,8,211
3,3,219~3,6,219
2,9,5~4,9,5
0,8,266~2,8,266
2,2,21~3,2,21
1,3,150~1,5,150
6,0,297~9,0,297
2,8,62~3,8,62
2,1,277~4,1,277
8,9,29~9,9,29
0,5,188~0,6,188
2,0,364~5,0,364
3,6,363~5,6,363
1,3,137~2,3,137
9,3,142~9,4,142
4,0,279~4,3,279
6,2,39~9,2,39
5,9,57~8,9,57
5,9,184~7,9,184
4,1,230~7,1,230
2,3,348~2,3,349
7,4,338~8,4,338
3,9,6~3,9,8
2,1,45~4,1,45
8,1,3~9,1,3
9,5,101~9,6,101
1,2,18~3,2,18
5,8,75~5,9,75
3,5,345~5,5,345
2,5,70~4,5,70
2,4,7~3,4,7
1,3,97~4,3,97
7,6,284~9,6,284
5,7,87~7,7,87
2,5,183~2,8,183
8,7,201~8,9,201
2,6,255~2,6,255
0,8,128~2,8,128
0,6,62~3,6,62
8,3,16~8,4,16
1,5,125~3,5,125
0,3,46~1,3,46
6,6,108~8,6,108
7,7,240~7,9,240
6,1,73~6,3,73
9,4,294~9,6,294
4,0,256~4,1,256
7,6,352~8,6,352
4,5,250~6,5,250
4,8,67~7,8,67
6,1,20~6,3,20
6,9,222~7,9,222
0,6,299~0,8,299
6,9,224~6,9,225
3,2,355~3,4,355
1,1,25~3,1,25
7,3,142~7,3,144
6,5,187~9,5,187
5,8,232~8,8,232
0,5,239~0,7,239
6,7,90~6,7,92
3,6,140~5,6,140
2,0,288~4,0,288
3,1,117~3,2,117
3,8,226~3,8,226
6,5,191~7,5,191
2,8,139~4,8,139
4,6,356~5,6,356
7,1,223~7,3,223
0,3,173~0,5,173
1,4,272~1,5,272
3,9,74~5,9,74
3,7,20~6,7,20
3,0,266~3,1,266
4,8,107~4,9,107
8,1,171~9,1,171
0,5,7~2,5,7
6,0,291~8,0,291
3,2,218~3,3,218
6,6,67~6,6,69
6,1,181~6,1,182
1,0,157~1,2,157
3,0,178~3,2,178
6,1,120~6,3,120
0,7,131~0,7,134
5,5,88~5,5,91
6,4,164~6,6,164
6,9,257~7,9,257
1,2,247~3,2,247
1,5,74~2,5,74
1,6,188~3,6,188
6,6,167~8,6,167
7,7,185~7,9,185
3,4,265~6,4,265
6,7,306~6,7,307
6,2,17~6,5,17
8,4,26~9,4,26
7,5,177~7,6,177
8,4,41~8,4,45
7,5,282~7,7,282
5,7,77~5,7,79
3,3,106~3,3,109
8,0,8~8,2,8
5,8,265~8,8,265
4,1,267~6,1,267
4,2,114~6,2,114
7,7,273~9,7,273
5,1,60~5,2,60
2,0,254~3,0,254
0,8,267~0,9,267
5,4,104~5,6,104
5,6,62~5,8,62
5,9,154~5,9,156
6,0,112~8,0,112
7,4,271~7,7,271
7,0,174~7,2,174
5,4,248~6,4,248
6,3,8~6,4,8
5,0,169~6,0,169
2,2,9~2,4,9
1,5,345~1,7,345
3,1,206~3,3,206
0,1,159~0,5,159
2,5,285~2,8,285
4,3,63~4,6,63
9,5,70~9,6,70
8,4,328~8,6,328
6,0,142~8,0,142
7,1,168~9,1,168
9,6,291~9,8,291
7,3,140~9,3,140
5,3,261~5,6,261
3,5,20~6,5,20
8,2,240~9,2,240
5,7,145~8,7,145
1,5,51~2,5,51
0,1,287~2,1,287
7,5,175~9,5,175
4,1,325~5,1,325
2,6,127~2,7,127
4,8,183~4,9,183
5,8,174~8,8,174
6,5,358~6,7,358
7,4,78~7,7,78
3,6,187~3,8,187
3,3,272~6,3,272
4,5,301~4,7,301
3,6,327~5,6,327
8,0,167~8,0,169
7,3,147~7,3,148
4,5,124~8,5,124
5,3,36~5,5,36
4,9,324~6,9,324
1,9,287~2,9,287
5,7,2~6,7,2
7,7,308~9,7,308
4,7,75~7,7,75
3,3,247~3,5,247
4,1,43~4,1,44
7,3,359~7,5,359
5,8,25~8,8,25
0,7,116~2,7,116
5,1,41~7,1,41
1,1,357~1,3,357
8,0,151~8,2,151
7,4,136~7,7,136
0,1,191~2,1,191
1,9,300~4,9,300
0,4,234~0,6,234
8,5,274~8,7,274
4,3,349~4,3,352
9,7,208~9,9,208
1,0,24~1,3,24
8,7,149~8,9,149
3,6,269~3,8,269
9,2,86~9,3,86
3,4,277~4,4,277
0,7,121~2,7,121
3,6,48~3,7,48
8,7,307~8,9,307
1,0,17~1,3,17
5,1,288~5,3,288
4,6,13~4,8,13
7,2,224~7,4,224
4,2,155~5,2,155
8,1,342~9,1,342
3,2,274~3,4,274
6,1,234~7,1,234
8,4,220~8,6,220
5,4,202~6,4,202
6,2,3~6,4,3
1,7,77~4,7,77
3,4,187~3,5,187
3,9,180~5,9,180
3,2,11~4,2,11
4,1,235~6,1,235
4,5,37~5,5,37
2,3,330~5,3,330
1,5,138~1,6,138
4,6,170~5,6,170
4,3,208~4,4,208
0,8,186~2,8,186
0,9,230~2,9,230
2,0,295~3,0,295
5,0,367~5,0,369
9,1,73~9,4,73
1,2,260~3,2,260
2,2,267~2,3,267
3,6,138~5,6,138
3,6,16~6,6,16
6,4,218~6,7,218
3,6,99~3,7,99
4,1,10~4,3,10
4,8,222~7,8,222
9,2,206~9,4,206
7,5,236~9,5,236
5,2,142~5,4,142
3,3,67~3,4,67
3,2,70~5,2,70
1,7,261~1,9,261
6,8,237~8,8,237
7,4,79~7,7,79
4,5,32~4,5,34
2,5,92~3,5,92
0,1,58~2,1,58
4,4,348~4,4,352
4,1,291~6,1,291
7,2,155~9,2,155
8,0,55~8,3,55
1,0,163~1,0,164
9,2,295~9,3,295
5,3,53~5,3,54
2,2,25~2,5,25
7,6,182~9,6,182
3,0,56~5,0,56
4,6,59~6,6,59
3,9,196~6,9,196
3,0,219~3,0,219
9,4,74~9,6,74
5,3,238~5,5,238
0,3,56~1,3,56
4,2,2~5,2,2
0,5,205~0,7,205
0,2,346~0,4,346
1,6,145~1,8,145
9,5,274~9,7,274
2,1,353~2,3,353
5,0,324~5,3,324
5,3,51~5,3,52
8,0,71~8,2,71
8,5,193~8,5,194
9,7,60~9,9,60
2,4,276~2,6,276
3,1,361~3,3,361
6,0,329~6,2,329
7,5,189~7,6,189
4,1,7~6,1,7
7,1,300~7,5,300
6,5,64~6,8,64
6,1,244~7,1,244
1,2,350~1,5,350
2,1,295~5,1,295
8,6,70~8,9,70
5,9,20~6,9,20
7,5,303~9,5,303
2,9,2~4,9,2
4,7,99~4,8,99
0,7,98~2,7,98
6,1,75~6,2,75
1,8,277~4,8,277
1,6,335~1,8,335
6,1,6~9,1,6
2,6,253~2,9,253
2,2,123~2,5,123
6,5,212~9,5,212
4,2,342~5,2,342
5,0,243~6,0,243
5,3,328~8,3,328
2,8,135~4,8,135
3,5,342~7,5,342
8,3,205~8,3,205
6,7,5~6,9,5
7,1,123~9,1,123
4,0,264~4,2,264
5,2,348~7,2,348
6,4,180~6,4,184
