21,8
12,11
43,36
43,64
37,4
7,13
57,67
21,46
50,43
27,32
5,9
29,56
46,51
29,21
65,64
5,3
45,61
19,19
38,17
17,18
48,61
3,7
33,69
31,66
3,13
39,10
33,4
23,6
22,55
15,46
13,41
45,34
66,59
17,59
39,15
19,17
39,54
54,61
22,9
19,34
21,29
31,3
49,61
33,67
63,65
34,29
24,13
15,55
37,65
53,51
14,45
67,55
30,69
16,43
23,41
17,56
33,61
13,3
33,26
45,60
18,31
50,49
44,15
30,15
46,61
61,47
69,65
31,17
6,9
43,9
18,9
65,69
18,17
19,59
21,12
49,67
45,46
65,62
30,3
14,1
41,11
25,18
48,49
20,19
26,23
35,25
21,5
6,5
25,8
15,33
55,59
19,7
32,57
28,25
25,5
20,41
3,22
34,5
13,6
23,27
29,57
9,2
41,13
17,7
41,67
7,7
23,52
31,7
41,62
5,1
54,59
27,6
45,21
56,65
57,46
43,59
19,47
49,57
68,59
13,11
19,14
27,36
43,51
6,15
15,25
27,9
31,70
45,35
67,68
21,35
63,68
3,21
36,3
47,58
27,53
29,9
25,31
57,59
8,11
23,53
43,23
3,12
5,4
41,9
47,63
64,57
33,16
19,3
38,23
53,61
11,17
43,52
27,69
31,59
23,33
25,27
2,13
16,9
51,40
33,23
38,1
47,56
23,3
39,44
29,7
45,14
37,67
41,1
47,47
2,5
24,53
22,49
30,27
42,59
5,15
58,57
16,25
15,19
51,57
55,66
32,17
33,11
15,41
27,15
7,22
7,0
15,6
26,11
29,65
23,29
26,27
57,62
30,11
31,11
21,16
42,3
40,13
14,3
17,41
1,10
59,70
65,66
23,31
41,51
69,68
43,39
30,29
39,8
43,45
11,16
41,52
25,33
45,4
43,50
20,5
46,63
27,20
35,28
35,9
21,3
15,49
27,1
50,67
21,32
1,1
52,49
45,44
15,47
45,66
35,27
22,13
27,58
49,65
26,53
1,11
19,26
50,59
12,3
15,1
28,53
31,14
37,9
48,59
62,69
63,69
47,43
57,61
43,58
49,53
26,1
25,4
31,19
9,1
31,5
30,63
20,37
20,45
63,61
67,67
17,23
55,69
7,17
15,57
23,5
15,0
35,67
45,52
35,11
31,67
41,5
23,39
20,55
17,24
39,19
47,42
31,64
69,59
27,11
17,17
41,68
43,10
22,37
15,9
23,7
35,2
14,9
21,25
49,59
39,13
30,7
63,63
20,15
45,55
25,59
31,65
41,23
7,11
20,17
43,13
39,7
22,19
17,28
51,69
19,35
41,15
20,49
13,38
48,69
21,28
47,65
13,13
3,3
41,69
25,35
26,15
59,61
21,34
5,6
50,63
17,45
53,69
25,1
59,42
15,39
35,8
26,9
66,55
29,8
58,63
23,1
29,59
3,15
17,21
51,55
51,63
7,2
29,22
8,17
25,9
25,36
15,37
27,25
69,70
23,54
3,11
1,17
37,21
7,35
19,33
15,38
25,7
49,63
61,60
30,31
1,13
33,1
17,20
35,1
52,69
33,7
19,20
49,43
33,10
24,59
5,12
23,15
24,23
26,59
27,23
66,63
28,11
25,41
43,38
49,49
45,53
44,59
17,33
23,21
19,30
67,69
19,15
55,54
15,59
19,57
23,19
35,5
33,27
9,15
43,61
0,5
41,16
45,12
40,17
25,17
21,55
37,7
37,6
39,5
3,5
69,63
18,5
17,11
18,13
21,19
23,20
43,65
27,57
15,23
31,58
9,19
59,63
17,29
56,69
19,31
1,15
52,53
29,61
6,17
31,27
2,15
29,11
50,45
49,48
17,49
29,19
23,59
23,16
63,48
56,59
25,62
53,57
7,20
52,47
21,59
5,13
17,35
27,14
33,2
48,45
29,0
24,33
45,51
1,8
38,5
33,30
42,69
42,7
51,65
45,69
3,8
31,20
51,56
43,67
20,31
29,3
61,58
33,12
35,0
6,19
32,67
33,62
45,42
49,52
13,4
47,41
45,17
30,23
19,45
30,57
37,19
29,54
47,67
53,43
54,65
23,13
34,15
3,1
16,31
31,6
18,33
17,25
14,13
45,56
9,11
21,23
45,63
27,13
45,49
31,21
19,23
66,67
23,30
27,63
6,11
47,54
43,7
19,27
1,6
43,3
0,15
4,17
50,51
41,7
28,61
19,24
51,67
47,66
48,53
24,27
15,11
57,65
42,55
51,50
15,24
18,47
14,35
19,43
15,5
15,18
23,57
32,21
7,9
38,67
53,55
49,64
25,16
11,21
16,3
14,55
41,57
13,15
13,1
55,65
35,69
39,11
25,38
13,40
39,62
1,7
27,59
21,2
12,17
11,6
52,57
26,25
23,56
4,15
16,47
20,27
5,21
65,67
10,13
29,62
23,23
17,60
68,65
51,62
53,60
59,65
25,51
17,36
9,5
41,60
49,69
68,63
52,65
48,67
15,16
17,6
61,69
19,4
41,59
25,55
12,7
39,14
49,46
21,47
20,39
37,14
17,27
47,59
35,19
52,67
21,13
21,57
27,19
45,65
43,55
25,67
31,9
29,12
44,11
21,48
19,58
29,13
63,62
47,49
21,27
12,21
26,55
45,67
23,62
41,65
22,5
35,33
13,36
34,67
21,17
25,19
4,13
18,57
41,63
32,13
15,32
30,17
46,47
9,4
25,60
43,17
51,44
10,3
29,27
10,9
23,17
38,19
45,54
39,17
51,43
49,39
41,6
69,67
25,13
44,53
31,23
19,11
27,5
15,40
37,1
21,26
29,26
27,33
49,66
67,63
69,66
25,34
12,9
10,11
34,69
37,5
15,34
35,6
27,21
29,5
53,64
69,69
19,42
60,61
17,31
29,29
31,1
37,25
62,65
13,10
4,7
39,61
18,1
69,53
45,59
50,69
28,5
1,3
42,67
41,64
21,44
44,63
23,28
7,3
28,23
32,27
57,60
18,39
62,67
11,9
17,48
16,59
27,34
19,37
14,43
49,51
31,13
24,19
43,15
23,22
23,4
21,15
39,1
25,21
23,11
27,56
17,43
23,10
21,41
17,57
46,69
43,69
29,55
29,23
31,24
31,57
22,23
41,44
19,22
27,61
31,69
29,17
27,35
5,2
33,29
40,5
35,18
43,37
19,2
10,15
53,62
39,66
8,5
13,42
36,67
15,3
47,64
21,1
32,61
1,9
32,29
25,63
42,13
21,49
58,65
63,67
17,12
27,12
2,1
8,13
31,33
29,63
45,40
36,11
25,15
35,26
44,57
35,23
28,29
8,7
29,68
26,21
38,69
13,5
29,1
43,63
56,63
19,1
7,8
19,55
34,23
7,14
58,67
22,39
31,25
11,7
64,65
22,1
16,37
51,47
9,13
7,15
35,14
13,39
6,23
53,63
69,61
5,24
25,61
41,0
25,37
27,55
29,66
39,58
24,1
36,9
31,61
45,15
26,5
5,5
69,55
23,55
17,22
15,35
27,3
40,3
38,21
27,65
9,17
31,18
64,69
17,2
45,39
34,9
23,37
12,1
11,11
22,25
27,27
45,41
19,51
11,1
39,12
35,24
24,37
37,13
60,67
19,49
44,37
13,7
43,11
7,1
24,7
25,2
17,47
23,40
28,15
15,8
28,31
25,50
21,39
32,5
17,55
25,26
53,67
47,57
20,11
17,19
3,10
22,35
17,37
51,45
59,69
70,63
21,11
31,15
39,68
23,14
15,17
23,32
18,29
17,54
36,19
47,44
21,9
33,25
17,9
21,33
27,39
1,2
47,61
43,18
17,34
38,9
45,43
19,5
43,1
25,53
55,68
47,45
40,65
31,63
29,25
29,15
45,1
51,51
39,63
54,69
27,64
42,15
12,13
36,69
15,7
19,9
60,63
24,11
19,56
15,12
59,68
33,31
45,68
45,13
22,59
43,49
21,37
35,15
27,7
17,50
33,21
8,23
31,60
18,51
31,0
19,29
35,3
3,17
45,48
51,60
21,7
57,69
9,8
39,3
21,43
61,65
32,23
44,67
67,65
21,31
5,7
11,3
28,65
25,39
43,57
4,1
41,61
43,62
13,37
28,59
37,17
9,7
11,5
29,4
37,12
29,67
7,5
49,47
31,10
16,41
42,11
20,21
37,16
16,11
21,45
15,43
39,48
37,3
31,2
21,58
61,64
19,13
19,36
23,9
43,8
37,69
19,39
33,57
20,53
26,63
47,37
3,9
19,10
23,61
43,2
41,56
19,21
23,25
55,63
37,15
47,69
19,25
47,55
16,57
33,5
51,59
27,2
15,45
29,53
55,67
60,57
65,55
33,17
22,43
61,63
25,23
35,7
39,69
46,7
17,14
25,11
17,26
65,65
28,9
45,45
51,61
33,3
61,39
37,11
33,9
31,29
37,62
2,3
23,42
25,25
45,37
53,65
17,1
32,7
11,13
18,45
44,49
19,8
40,9
46,37
23,35
32,63
47,51
47,53
17,44
18,41
33,13
27,28
68,33
5,49
54,43
29,41
55,41
43,27
55,39
11,25
62,47
37,53
58,59
28,51
62,19
51,23
37,29
45,10
55,29
30,35
63,11
35,65
65,5
61,9
59,37
39,55
51,9
67,17
5,51
27,18
11,59
7,41
11,33
3,53
42,19
22,67
67,40
39,39
55,55
57,19
61,21
2,23
61,25
41,27
53,30
67,15
5,46
25,49
40,37
8,15
13,45
7,46
1,47
65,20
59,35
60,13
69,1
1,41
49,38
55,48
62,31
45,25
53,25
64,51
70,29
67,19
67,14
13,52
36,35
55,23
63,55
35,38
62,3
9,65
54,9
60,5
45,33
41,45
15,20
65,25
54,1
63,60
0,25
11,45
5,52
63,23
67,41
41,55
51,3
13,60
35,40
67,49
51,13
39,40
61,38
37,57
19,41
3,23
0,41
64,33
52,27
29,40
39,36
37,27
33,48
41,17
59,30
3,63
9,35
17,69
5,41
31,37
39,46
62,15
43,22
51,21
64,1
1,24
15,21
39,59
21,50
60,35
61,49
15,51
5,45
47,5
55,25
11,39
67,22
5,11
41,3
56,49
55,31
5,66
64,17
70,17
37,26
29,45
57,20
44,43
40,31
1,57
27,31
26,67
37,52
51,1
3,62
49,30
61,44
33,36
9,18
51,5
17,3
36,59
38,39
69,16
34,57
68,53
69,11
17,5
54,7
17,51
61,31
65,47
49,3
53,31
12,41
24,69
65,37
5,63
47,3
31,35
21,51
37,51
21,60
1,68
6,51
17,67
11,34
68,19
21,21
59,22
51,2
35,13
28,17
61,35
3,37
54,23
5,57
55,37
13,51
34,37
51,32
9,27
36,65
18,69
13,53
67,42
13,27
47,12
26,31
1,53
59,43
65,21
67,25
9,53
55,27
17,53
51,41
5,53
60,17
43,4
62,21
9,39
50,15
57,22
47,17
57,7
66,25
67,20
53,45
43,19
3,34
60,7
61,50
28,49
1,19
43,25
53,4
58,41
35,49
26,41
65,8
54,11
7,68
43,30
48,3
9,44
3,27
41,43
55,19
65,41
10,65
53,39
53,29
4,57
2,61
12,29
47,21
63,50
23,66
57,11
33,63
11,24
51,27
65,57
61,1
67,18
61,43
60,11
27,44
47,10
4,37
9,47
5,43
10,59
7,27
13,19
38,29
3,67
65,17
57,63
16,63
60,1
7,55
5,65
69,29
39,50
13,58
30,37
9,22
53,14
1,65
55,0
51,7
47,18
5,27
43,42
10,43
3,59
53,21
11,56
56,41
7,54
55,14
67,21
54,51
63,33
58,5
48,21
65,43
45,27
35,43
10,35
64,43
65,27
13,22
49,26
23,43
57,21
49,45
17,68
68,61
4,47
9,49
59,11
31,51
54,47
39,20
69,17
58,15
55,21
57,1
60,21
41,31
55,15
57,17
2,37
1,59
46,5
54,31
51,15
36,23
37,31
38,31
58,33
10,53
6,37
5,33
46,35
43,29
66,49
49,10
62,43
68,39
39,38
51,29
7,69
61,67
1,58
9,48
64,9
69,27
67,6
1,5
67,43
44,33
65,53
69,56
33,35
15,31
1,38
5,17
5,37
67,5
65,54
33,33
61,23
57,39
5,23
15,13
39,23
14,69
48,41
67,34
67,45
55,2
43,41
31,39
9,63
36,61
10,61
9,31
53,59
63,12
49,18
33,39
58,43
27,46
61,33
21,63
35,54
65,3
13,63
35,35
65,13
4,35
25,43
49,31
43,47
9,46
67,48
61,4
41,54
35,52
69,2
32,37
35,21
31,47
43,21
49,11
3,47
40,23
35,39
3,42
7,50
67,1
57,15
27,67
33,59
9,45
36,51
4,29
58,25
63,24
1,51
14,27
63,49
42,29
45,5
13,16
27,47
66,51
57,9
55,57
19,66
53,41
56,15
67,53
28,37
10,25
12,33
69,52
53,16
6,43
4,55
47,33
39,45
11,43
55,53
59,29
67,29
63,7
48,31
57,12
57,41
52,9
31,56
59,3
9,57
17,66
69,15
7,49
33,65
48,35
14,19
59,9
45,9
61,41
63,19
36,57
25,47
70,41
55,45
24,51
11,63
60,19
37,35
66,57
11,41
63,56
23,63
34,43
27,29
55,51
11,69
60,23
56,31
56,7
69,24
49,27
3,45
7,38
6,49
1,21
8,59
18,61
59,19
57,27
5,61
52,39
61,13
61,5
59,25
12,45
1,25
7,67
69,6
13,43
63,15
49,19
43,31
26,69
25,69
8,61
63,59
30,43
3,25
7,51
15,52
31,49
51,26
12,63
67,4
25,30
39,47
10,41
9,40
2,49
7,34
39,57
29,31
43,24
35,29
63,26
36,45
33,50
67,39
55,33
49,17
57,4
49,8
7,37
63,54
59,48
65,9
49,28
47,7
51,17
69,5
57,45
57,3
34,45
35,47
65,61
33,43
9,69
59,51
2,53
1,64
41,48
36,31
69,32
63,22
15,63
57,52
57,5
15,29
45,19
37,23
31,55
47,27
67,7
34,63
13,9
9,3
39,65
57,51
48,19
17,63
53,27
3,60
67,51
69,9
20,67
13,23
1,37
52,31
39,32
56,53
5,47
49,41
55,3
13,67
39,43
39,34
2,65
45,7
58,47
24,41
23,69
68,55
12,65
38,43
33,52
5,31
3,55
32,51
7,39
43,33
60,49
35,53
53,23
34,59
39,51
33,53
14,49
27,42
25,65
59,33
35,61
51,39
13,48
55,28
47,13
1,69
39,49
1,48
47,29
32,35
11,49
30,45
1,55
61,52
63,10
41,47
38,27
41,21
40,51
45,8
67,57
65,11
45,31
33,37
67,24
37,49
59,24
15,54
67,31
61,8
63,13
47,40
55,18
37,33
45,30
70,35
57,32
57,23
68,11
1,61
29,37
55,7
30,33
54,33
7,29
1,27
24,65
41,29
45,23
5,29
7,57
12,25
9,26
7,66
52,1
53,33
61,15
45,29
69,43
56,57
61,55
5,55
25,68
53,37
54,39
6,63
65,14
65,26
0,63
5,44
5,39
43,5
9,32
50,23
69,57
17,15
47,19
51,54
66,35
55,24
45,20
35,51
35,60
59,59
49,55
1,43
8,65
5,59
69,42
7,25
37,41
42,45
45,11
31,43
19,70
53,8
55,43
63,16
15,27
1,42
3,66
5,28
53,26
47,25
69,13
67,23
9,55
13,65
9,23
49,56
36,21
21,68
8,57
67,10
13,21
33,34
66,11
69,3
65,6
25,57
61,61
43,16
35,17
50,39
3,43
27,17
30,39
47,6
13,56
14,31
67,59
3,19
56,11
67,13
55,34
33,45
5,60
39,42
63,47
23,67
68,47
69,37
21,61
14,59
23,65
41,33
8,33
2,45
15,15
9,50
69,35
53,13
37,39
59,15
27,51
7,45
58,37
35,57
62,39
45,22
61,19
2,27
51,49
51,6
46,25
23,47
8,27
6,31
46,27
21,67
62,61
49,15
9,9
41,37
7,63
8,43
41,42
63,39
9,64
5,68
34,65
55,36
7,59
57,35
69,0
1,35
68,37
69,7
55,47
32,53
27,45
29,35
19,67
41,32
29,51
6,33
49,37
13,35
0,21
11,35
27,43
7,47
11,37
69,41
49,35
7,61
11,30
35,31
57,25
64,37
51,18
56,29
1,33
56,23
48,23
11,31
19,65
56,43
3,31
5,19
41,35
7,53
1,44
49,29
63,51
35,59
9,70
4,69
59,47
51,12
62,53
15,50
54,27
13,64
29,20
33,19
9,37
12,61
11,38
55,50
51,20
51,42
61,54
64,39
63,53
63,29
65,44
55,16
11,68
37,34
15,65
30,49
8,41
57,57
9,41
59,26
60,27
11,57
32,45
57,6
53,52
51,53
6,55
37,45
4,43
61,7
65,15
27,66
9,67
54,41
19,52
63,6
3,50
39,53
49,34
65,52
9,61
45,57
57,55
67,30
69,31
47,14
41,50
49,33
53,5
28,39
65,1
31,41
27,49
31,48
23,64
59,5
46,31
67,37
55,5
9,51
2,57
57,18
12,51
64,19
47,15
67,8
3,32
29,69
11,18
58,29
2,29
20,61
59,49
63,21
33,40
33,41
9,59
3,69
21,53
9,29
3,41
63,25
65,49
15,28
37,46
57,37
9,62
39,31
28,43
42,39
63,9
33,51
59,21
12,55
63,1
26,39
47,32
13,17
65,46
60,29
29,43
37,36
53,58
15,61
59,1
57,31
3,61
29,33
67,16
3,49
67,44
13,57
52,19
63,28
11,50
9,25
42,21
57,47
39,25
53,19
61,27
53,15
53,17
8,67
47,11
37,47
57,10
42,33
40,57
19,63
40,29
35,41
41,26
69,23
1,63
60,39
54,55
55,4
64,49
61,3
13,69
66,13
53,49
15,68
65,7
34,33
15,53
35,48
43,43
1,31
3,30
13,47
44,25
63,32
11,15
63,57
15,67
69,14
37,50
69,12
63,40
6,59
33,49
36,29
63,45
12,69
4,51
39,27
5,25
33,55
69,22
3,29
11,61
5,35
46,1
61,42
7,43
67,47
58,7
69,51
62,35
62,1
34,47
1,67
30,47
58,9
3,65
13,25
57,2
1,39
3,26
66,45
29,49
17,65
51,4
51,10
64,13
53,46
49,13
0,51
7,48
64,59
11,67
67,35
63,41
56,39
53,44
3,39
67,58
66,39
23,45
48,37
51,11
1,18
46,21
36,41
41,41
17,61
49,7
69,26
69,33
35,32
52,15
55,20
62,13
46,23
58,51
5,40
15,69
63,5
14,23
18,63
5,69
50,55
3,54
63,3
63,46
1,30
19,69
48,1
25,48
12,31
53,35
49,25
11,19
61,45
11,29
56,37
48,25
53,11
1,60
7,23
34,21
11,46
64,3
65,4
13,55
7,65
6,41
65,30
21,64
4,21
69,49
37,61
1,49
50,21
4,25
51,35
3,51
23,49
45,18
53,6
59,14
59,36
4,65
49,4
39,37
35,12
27,48
67,2
39,9
69,25
43,40
65,19
31,42
53,47
55,17
10,69
51,37
56,27
69,39
55,56
62,7
59,7
0,33
10,21
45,32
50,29
49,6
67,3
5,67
7,33
59,39
63,17
35,63
37,63
13,29
25,29
62,29
63,43
60,45
47,35
7,19
70,47
53,53
37,64
66,1
53,38
5,62
65,63
48,11
37,55
51,33
39,67
11,65
44,3
59,41
59,23
3,40
57,33
63,36
61,51
8,55
59,16
49,23
65,45
39,29
9,33
69,21
59,2
58,19
43,46
3,33
67,61
54,35
70,9
49,16
53,3
65,35
41,53
68,45
13,33
25,46
38,59
13,59
30,51
25,45
47,9
47,31
1,23
15,62
52,35
21,65
57,13
61,59
45,47
7,30
39,21
69,60
45,3
5,64
5,32
17,52
19,64
11,51
13,49
57,43
51,31
67,33
59,53
40,1
1,56
63,18
10,57
9,28
53,7
33,15
8,37
55,49
9,52
49,5
65,51
65,24
65,28
25,56
66,29
38,55
41,25
51,19
59,13
57,49
65,31
35,37
61,57
59,52
6,27
31,31
59,45
65,22
47,39
5,36
36,37
69,45
8,25
55,1
51,36
9,43
3,57
57,54
59,55
67,9
15,66
57,34
40,27
13,61
49,21
63,37
39,41
59,31
48,15
41,49
54,19
38,63
9,36
13,66
11,54
29,47
55,13
61,29
32,39
67,27
10,31
51,25
2,47
53,12
11,48
7,21
40,21
68,31
51,24
1,29
2,19
58,39
13,31
55,61
57,29
50,35
41,19
1,34
47,2
11,55
65,29
37,48
10,39
39,33
63,31
9,21
21,62
35,55
59,57
70,53
2,69
3,20
53,22
59,46
33,18
31,53
69,47
42,47
38,25
24,43
52,29
59,10
53,1
47,1
19,61
43,35
26,51
1,45
13,20
23,48
37,56
50,7
60,33
31,32
15,64
66,37
33,54
17,13
13,26
68,27
43,28
23,51
55,35
61,37
61,17
5,18
67,11
17,39
21,69
59,27
55,9
27,41
19,53
60,55
68,5
53,9
6,57
67,36
11,47
11,28
69,50
11,27
49,9
59,17
63,27
65,23
44,27
63,35
1,52
47,23
43,53
37,43
41,39
49,1
41,36
3,35
50,13
37,37
61,53
65,33
25,3
7,31
47,28
64,41
27,37
39,35
11,53
62,25
37,59
61,11
56,45
65,59
61,32
57,53
33,47
11,23
55,11
69,28
31,45
65,39
3,38
59,67
36,43
29,39
33,42
35,45
31,44
38,53
24,45
42,25
69,19
0,68
68,49
70,36
10,14
24,10
56,18
25,54
8,56
52,11
30,58
32,62
9,20
7,62
31,52
48,10
26,32
6,69
50,26
46,3
2,32
20,25
34,16
26,19
64,11
2,17
4,48
12,49
0,20
34,3
8,24
28,4
69,48
53,34
65,42
20,0
64,23
4,34
20,63
47,4
19,68
24,9
66,31
60,32
41,4
0,16
4,53
64,28
40,32
6,52
28,0
4,28
6,21
10,26
8,34
60,24
63,0
6,0
66,2
40,22
66,0
40,12
4,10
59,64
4,70
25,58
39,2
62,34
70,48
64,2
42,63
66,6
31,68
52,6
20,57
34,4
4,8
38,11
68,25
2,22
16,58
64,34
22,56
5,58
64,40
34,49
49,32
48,46
54,24
68,50
23,68
34,52
58,17
46,14
2,36
38,32
28,30
40,46
36,48
18,55
22,4
45,24
14,46
65,0
20,59
13,46
58,56
24,21
26,70
12,23
62,4
65,12
44,6
63,4
8,14
70,8
0,55
50,56
34,38
5,26
61,6
28,26
10,47
32,19
35,10
11,58
9,56
46,50
38,61
54,32
44,26
14,6
16,12
58,26
26,43
4,39
53,20
20,66
45,16
14,7
16,4
60,3
21,54
52,16
11,62
46,15
4,52
62,17
20,48
48,13
3,46
38,34
30,60
18,6
38,70
68,9
59,8
50,61
30,36
28,46
55,6
47,50
42,2
27,26
10,24
24,44
41,28
12,44
22,44
52,14
61,10
29,52
7,26
6,58
54,17
10,38
40,11
41,24
14,56
43,12
70,7
56,24
64,50
44,12
6,10
2,26
30,56
55,62
0,6
25,32
55,12
0,39
15,48
6,61
59,54
15,30
30,6
30,53
14,18
50,22
10,70
63,30
47,26
56,25
5,20
56,13
68,30
63,14
60,30
41,12
2,35
34,17
0,53
55,30
54,2
62,40
36,33
50,34
54,20
42,30
54,29
8,48
36,6
66,15
40,34
62,32
30,14
60,14
38,18
48,17
16,16
24,47
2,30
50,33
70,19
52,26
47,24
38,4
8,26
3,64
46,41
40,35
10,42
53,32
46,38
7,44
45,58
54,25
25,28
60,26
47,38
56,61
61,24
50,25
48,9
38,7
4,64
32,56
14,65
22,26
44,21
8,50
1,54
26,10
7,42
34,2
47,30
34,0
66,17
17,4
35,20
28,60
36,32
10,22
46,58
50,24
52,3
56,4
42,27
44,32
64,31
14,2
3,56
32,4
39,26
12,34
9,66
70,52
0,45
40,18
22,50
27,70
33,24
2,31
67,0
13,0
8,35
1,26
5,16
6,30
2,66
43,26
48,29
8,46
43,68
38,15
50,6
31,62
8,18
45,62
4,67
16,52
46,57
11,8
23,0
12,62
0,38
32,30
22,10
6,44
25,14
25,20
56,10
28,18
58,0
24,50
31,26
34,55
36,68
61,20
28,58
29,2
4,60
36,18
62,9
46,12
4,18
36,53
35,56
42,23
62,22
37,38
22,22
32,12
23,50
16,45
62,60
27,30
37,54
28,55
31,28
2,56
36,24
11,32
24,54
34,54
48,2
42,4
69,4
58,21
10,32
0,70
10,23
65,32
68,24
58,16
44,40
61,12
26,45
2,33
70,50
32,49
62,10
50,20
61,14
28,57
4,23
53,18
2,44
68,2
12,68
68,54
0,19
6,66
55,8
68,6
24,22
24,66
12,22
10,2
41,18
26,3
28,63
36,20
60,52
46,13
58,11
25,64
59,6
54,4
7,70
39,4
64,27
24,15
59,56
37,28
56,54
1,66
8,19
50,12
7,4
15,44
4,42
68,10
66,58
36,25
16,21
68,12
38,36
36,47
4,16
38,2
0,54
56,19
1,20
68,51
50,8
61,0
58,14
50,10
50,40
62,11
11,14
45,6
24,18
58,54
11,26
32,9
5,54
55,26
23,2
26,33
16,18
24,57
25,22
56,35
57,30
20,9
18,35
58,23
66,36
11,2
49,60
10,7
34,40
60,22
5,0
20,20
1,46
18,56
11,70
59,34
65,70
69,18
27,60
7,60
35,70
38,22
24,28
66,18
8,1
39,28
17,64
21,4
26,14
25,10
0,57
6,56
30,21
2,48
8,2
46,56
10,30
58,24
50,1
66,40
1,36
24,2
25,42
17,62
9,16
42,22
66,4
33,28
62,42
25,52
20,50
4,61
19,54
59,20
28,56
6,45
61,56
27,54
22,29
16,62
44,62
26,50
38,30
14,48
24,8
56,9
5,34
66,9
26,62
54,26
28,2
3,36
49,50
8,32
10,52
11,66
6,4
10,27
22,20
32,2
60,37
2,12
12,50
31,38
37,20
11,0
64,20
20,44
54,21
58,2
22,52
48,55
0,26
35,46
54,62
4,63
51,52
68,40
24,34
24,40
36,60
5,10
13,50
48,0
34,32
54,58
8,53
61,16
44,70
46,70
48,4
70,10
40,24
40,8
14,66
58,69
32,24
22,11
52,46
57,42
52,24
21,42
27,4
62,0
10,46
62,68
39,64
56,40
8,54
19,6
15,58
64,55
20,70
20,32
10,37
44,45
60,53
20,1
28,22
46,65
41,10
70,69
40,55
43,70
70,59
2,38
9,34
52,42
26,47
40,0
50,5
12,30
6,14
66,42
68,34
44,16
35,66
4,33
10,29
37,40
16,51
52,8
51,14
17,46
12,4
58,62
0,44
32,59
18,46
42,62
42,42
68,29
64,12
40,52
70,24
48,51
11,40
29,50
48,62
36,40
26,12
8,28
49,44
56,22
33,66
40,7
61,30
34,18
18,66
34,26
42,37
63,66
45,70
13,24
5,38
66,30
14,54
12,36
7,24
47,20
21,0
50,17
48,44
21,30
67,52
34,51
36,1
34,19
35,64
68,38
70,51
44,60
64,58
45,64
3,58
55,52
11,12
57,26
61,18
8,16
64,10
40,68
40,26
4,3
62,33
70,22
6,46
54,52
39,60
69,62
4,36
66,21
29,58
26,20
14,21
0,56
50,0
8,21
56,12
11,60
40,50
23,36
68,3
12,6
68,21
64,24
48,30
11,44
30,5
58,60
4,41
14,68
12,53
62,6
33,58
38,48
45,0
9,0
36,52
18,14
6,25
54,70
68,20
44,66
0,46
2,63
12,18
61,34
3,16
64,15
61,28
34,10
42,40
28,36
8,9
26,58
38,47
34,53
2,21
40,62
64,8
8,62
57,70
1,22
62,28
61,22
66,54
4,56
48,63
66,14
17,10
31,36
20,22
50,47
36,17
60,34
0,27
16,10
24,35
24,55
8,31
65,38
16,2
4,20
62,52
68,56
6,3
19,40
62,62
13,8
55,58
16,56
0,36
66,3
32,0
18,23
20,33
64,16
40,54
33,60
20,42
32,32
0,59
29,6
54,15
52,7
54,45
44,35
70,37
44,47
46,67
60,12
66,5
48,27
34,8
61,62
16,15
30,50
14,4
12,16
52,13
6,60
56,30
64,61
56,3
14,70
62,59
22,8
47,22
35,4
58,34
2,16
20,18
57,14
18,28
50,16
62,44
32,70
21,36
69,44
16,65
12,26
32,26
70,0
62,37
20,56
36,28
52,10
66,53
29,60
2,8
13,18
44,29
10,68
26,36
27,0
70,57
56,47
69,64
24,6
54,0
3,0
8,42
23,38
18,67
22,66
2,25
52,58
26,35
5,14
69,40
20,2
66,20
44,8
2,34
48,42
39,6
22,54
27,10
60,4
45,36
48,70
20,23
25,66
67,64
34,60
44,18
68,8
14,11
66,19
68,42
2,2
64,54
52,55
44,51
60,38
57,28
50,52
28,27
62,63
50,37
37,70
70,18
10,6
68,4
43,66
42,32
2,62
58,70
26,7
3,28
59,62
14,33
28,40
64,21
12,64
51,64
24,0
46,55
2,68
13,32
54,38
66,22
53,28
48,48
7,12
25,44
14,24
2,59
68,1
54,68
52,30
49,68
58,61
56,2
57,58
0,52
54,14
47,52
55,40
50,3
56,16
6,53
7,64
22,47
50,31
66,46
10,58
24,42
36,64
34,44
12,19
66,23
2,14
22,53
67,60
70,44
63,64
0,66
24,20
14,20
42,68
64,30
20,52
37,66
7,40
46,48
10,56
63,34
26,0
36,63
38,24
28,12
10,19
64,7
6,22
14,64
46,17
52,34
28,66
51,8
44,39
24,46
15,60
54,63
62,56
11,36
60,0
44,46
36,49
56,20
4,40
46,34
42,28
18,62
70,23
7,52
40,49
34,30
64,5
6,35
30,28
30,9
3,52
42,26
6,29
40,58
34,56
10,0
34,28
51,68
66,12
19,46
6,6
4,6
40,30
2,20
15,56
34,12
26,8
69,36
8,8
52,5
47,70
3,4
38,41
41,40
28,24
31,4
9,58
13,68
16,29
35,44
44,28
14,22
